timestamp,device_id,latitude,longitude,altitude
1234567890,device1,12.345678,98.765432,123.456789
1234567890,device1,12.345678,98.765432,123.456789
1234567890,device1,12.345678,98.765432,123.456789
1234567890,device1,12.345678,98.765432,123.456789
1234567890,device1,12.345678,98.765432,123.456789
1234567890,device1,12.345678,98.765432,123.456789
1234567890,device1,12.345678,98.765432,123.456789
1234567890,device1,12.345678,98.765432,123.456789
1234567890,device1,12.345678,98.765432,123.456789
1234567890,device1,12.345678,98.765432,123.456789
1234567890,device1,12.345678,98.765432,123.456789
1234567890,device1,12.345678,98.765432,123.456789
1234567890,device1,12.345678,98.765432,123.456789
1234567890,device1,12.345678,98.765432,123.456789
1234567890,device1,12.345678,98.765432,123.456789
1234567890,device1,12.345678,98.765432,123.456789
1234567890,device1,12.345678,98.765432,123.456789
1234567890,device1,12.345678,98.765432,123.456789
1234567890,device1,12.345678,98.765432,123.456789
1234567890,device1,12.345678,98.765432,123.456789
1234567890,device1,12.345678,98.765432,123.456789
1234567890,device1,12.345678,98.765432,123.456789
1234567890,device1,12.345678,98.765432,123.456789
1234567890,device1,12.345678,98.765432,123.456789
1234567890,device1,12.345678,98.765432,123.456789
1234567890,device1,12.345678,98.765432,123.456789
1234567890,device1,12.345678,98.765432,123.456789
1234567890,device1,12.345678,98.765432,123.456789
1234567890,device1,12.345678,98.765432,123.456789
1234567890,device1,12.345678,98.765432,123.456789
1234567890,device1,12.345678,98.765432,123.456789
1234567890,device1,12.345678,98.765432,123.456789
1234567890,device1,12.345678,98.765432,123.456789
1234567890,device1,12.345678,98.765432,123.456789
1234567890,device1,12.345678,98.765432,123.456789
1234567890,device1,12.345678,98.765432,123.456789
1234567890,device1,12.345678,98.765432,123.456789
1234567890,device1,12.345678,98.765432,123.456789
1234567890,device1,12.345678,98.765432,123.456789
1234567890,device1,12.345678,98.765432,123.456789
1234567890,device1,12.345678,98.765432,123.456789
1234567890,device1,12.345678,98.765432,123.456789
1234567890,device1,12.345678,98.765432,123.456789
1234567890,device1,12.345678,98.765432,123.456789
1234567890,device1,12.345678,98.765432,123.456789
1234567890,device1,12.345678,98.765432,123.456789
1234567890,device1,12.345678,98.765432,123.456789
1234567890,device1,12.345678,98.765432,123.456789
1234567890,device1,12.345678,98.765432,123.456789
1234567890,device1,12.345678,98.765432,123.456789
1234567890,device1,12.345678,98.765432,123.456789
